750
339 341
474 475
114 115
840 841
740 744
993 995
49 51
816 817
401 402
91 93
832 833
390 392
259 262
200 204
716 717
249 250
846 847
452 454
512 513
543 544
795 796
620 622
6 8
481 482
788 789
982 984
134 137
382 383
99 101
129 130
386 388
368 371
726 731
153 155
231 234
470 471
861 862
71 72
118 119
407 408
735 737
343 344
466 469
818 824
163 165
10 12
156 157
537 542
40 44
168 169
609 612
765 769
324 327
116 117
812
853 856
409 410
359 363
813 814
144 146
252 253
932 934
923
494 495
583 585
899
20 26
581 582
714 715
688
138 143
387
345 350
545 547
879 881
857 858
413 414
180 182
837 838
929 930
147 150
536
497
459 461
660 661
422 424
510 511
11
800 801
73
808 810
990 991
615 617
54 55
958 960
161 162
438 443
631 632
684 685
102 104
337 338
246 248
70
572 573
866 868
662 664
973 974
697 698
956 957
403 405
894 897
289 290
496 498
825 828
774 781
912 915
668 670
528 529
759 760
372 373
285 288
94 95
871 872
720 721
811
15 18
243 244
66 67
256 257
27 30
937 940
297 304
31 32
151 152
624 625
521 522
375 376
701 703
675 676
46 47
797 798
415 417
273 280
834 835
196
436
618 619
651 653
455 458
873 876
464 465
553 558
562 563
394 395
330 331
173 175
198 199
238 242
113
447 449
270 271
723
499
226 227
105 108
947 949
353 355
815
131 133
564 566
753 758
906
775
22
236 237
126 128
490 492
534 535
188 190
916 918
994
193
770 773
451
745
762 763
191 195
179
601 603
523 524
673 674
924
219
278
952 953
86 88
472
919 920
52 53
314
4
588
645
149
59 61
941 943
434 437
5
939
526
183 185
805 806
123 124
977 979
365 366
961 965
171 172
80 82
771
560
216
476 478
517 518
751 752
501 503
584
509
665 666
884 885
705 709
579 580
525 527
90
428 432
628 630
710 711
637 643
568 571
381
848
335 336
281
228
87
223 224
484 487
158 160
468
202
599 600
329
241
266 269
367
96 97
457
803
485
13
606
287
211
681 683
214 215
321 322
76 79
902 903
557
218 221
313
64 65
657 659
83
860
891 892
260
145
768
985 988
28
589 590
802
962
444 445
648
292
0 2
996 999
567
23
779
963
7
793 794
286
78
964
605
867
328
393
300
595 598
247
255
695 696
927 928
761
479
50
686 689
559
302
586 587
38
423
756
310 318
539
508
967 968
880
922
729
426 427
263 264
36 37
254
728
732
504
942
166
296
633 634
34
275
109
820
181
546
404
370
68 69
736
488
301
272
561
647
500
294
103
945 946
75
616
755
184
197
654
549
638
706
836
277
361
910 911
799
167
19
896
480
951
125
384 385
57 58
306 307
865
669
890
493
551
348
439
201
577 578
159
623
502
830
594
712
845
969
725
81
450
127
217
550
187
635 636
936
678
747
629
887
724
189
416
398 399
680
555
746
607 608
462
707
154
483
739
148
411
877
532
743
364
644
309
92
514
222
869
576
3
291 295
889
950
898 901
279
704
174
456
467
194
882 883
320
913
757
429
35
358
233
433
41
349
777
209
980 981
389
507
206 207
679
819
360
473
84 85
975
904 909
667
548 552
463
905
251
663
907
347
98
140
139
972
954
986
792
855
25
602
208
852
89
878
829
992
641
677
435
268
516
265
823
844
120
530
627
203
21
597
864
997
998
352
48
935
111
418 419
900
749 750
650
699 700
671
776
926
754
298
613
727
305
225
245
210
406
446
106
541
782 783
970
575
267
692
396
682
831
708
886
9
60
718
442
610
614
176
863
232
229
400
261
311
944
719
440
142
888
702
533
742
921
821
640
652
850
391
908
554
987
369
486
875
570
656
213
870
604
713
786
39
29
342
284
283
593
303
687
849
100
826
421
596
177
787
933
356
334
506
315
212
851
107
491
319
978
722
430
333
925
240
299
804
63
505
122
785
121
839
178
362
425
460
874
519
235
827
45
14
790
690
778
332
354
931
274
62
377
346
591
791
540
24
807
574
431
556
733
378
989
205
77
809
380
56
412
971
611
741
230
515
164
626
893
239
738
959
323
489
110
293
938
112
74
639
136
312
520
983
966
453
843
822
948
859
340
784
646
842
592
43
917
693
621
316
730
672
658
1
914
448
780
955
565
854
379
766
748
734
649
441
325
694
258
351
357
317
691
642
538
569
895
420
477
33
308
282
276
186
220
976
531
16
135
192
141
42
17
772
767
764
655
374
397
326
170
132
